$IDIR_BASE      = /work/mzare/2222-Coding/15-Modify-MeanField-OPTIMIZATION/Test-TS-COH/source
$DRIVER         = peecm
$REFRESH_MOS    = wdir_swap
$REPLACE_ENERGY = .true.
$SAVE_LOGS      = .true.
$SMSS_MATCH
         1        -1      7830
         2        -1      7831
         3        -1      7832
         4        -1      7833
         5        -1      7834
         6        -1      7835
         7        -1      7836
         8        -1      7837
         9        -1      7838
        10        -1      7839
        11        -1      7840
        12        -1      7841
        13        -1      7842
        14        -1      7843
        15        -1      7844
        16        -1      7845
        17        -1      7846
        18        -1      7847
        19        -1      7848
        20        -1      7849
        21        -1      7850
        22        -1      7851
        23        -1      7852
        24        -1      7853
        25        -1      7854
        26        -1      7855
        27        -1      7856
        28        -1      7857
        29        -1      7858
        30        -1      7859
        31        -1      7860
        32        -1      7861
        33        -1      7862
        34        -1      7863
        35        -1      7864
        36        -1      7865
        37        -1      7866
        38        -1      7867
        39        -1      7868
        40        -1      7869
        41        -1      7870
        42        -1      7871
        43        -1      7872
        44        -1      7873
        45        -1      7874
        46        -1      7875
        47        -1      7876
        48        -1      7877
        49        -1      7878
        50        -1      7879
        51        -1      7880
        52        65      7881
        53        66      7882
        54        67      7883
        55        68      7884
        56        69      7885
        57        70      7886
        58        71      7887
        59        72      7888
        60        73      7889
        61        74      7890
